HEADER__
600
В-УП1-609.269.20-1-1                     53   
                    
                    
                    
В-УП1-609.269.20-1-1
                         
                         
        
                         
                         
                         
        
                         
21.08.2019
Allpl. CompanyNam C-20-1802             
0 01 000
END
SLABDATE
600
18              0 00 00 00 000 00000 000 000 00 00                                         
13.828 000 00          0.000 06912.0 0200 000 000 000 000 000 0200
01
01 00 200 B 40                 2.500 02764.8 Стена               
06090 02690 +0000 +0000 +0000 +0000 0 00000 0 00000 000000 000000 +00 +00
              0001 0000 00                               
-009551 +001999 +000000 -009551 +001999 +001000 -008551 +001999 +000000
+00000 +00000 +00000 000
ПИК 3.0/18-УВС      
ПИК 3.1/19-КЖ.И-02.2
50                  
А4                  
END
CONTOUR_
600
01
01 00 05
P 5 +00000 +00000 +01410 +00000 0109 +01410 +02110 0009 +02610 +02110 0009 +02610 +00000 0009
P 5 +02610 +00000 +05450 +00000 0109 +05450 +00080 0009 +05520 +00080 0009 +05520 +00000 0009
P 5 +05520 +00000 +06090 +00000 0109 +06090 +02690 0009 +02510 +02690 0009 +02510 +02640 0009
P 5 +02510 +02640 +02310 +02640 0009 +02310 +02690 0009 +01090 +02690 0009 +01090 +02620 0009
P 5 +01090 +02620 +00990 +02620 0009 +00990 +02690 0009 +00000 +02690 0009 +00000 +00000 0009
END
CUTOUT__
600
00
END
MOUNPART
600
067
001 000 000            Лазер_ЗД                                
Лазер_ЗД            
                    
00.000 000 +00060 +00500 +00155 0000 000 00100 00180 02
S +00110 +00410 +00010 +00590 0000
S +00110 +00590 +00010 +00410 0000
002 000 000            Лазер_ЗД                                
Лазер_ЗД            
                    
00.000 000 +00060 +02200 +00155 0000 000 00100 00180 02
S +00110 +02110 +00010 +02290 0000
S +00110 +02290 +00010 +02110 0000
003 000 000            Лазер_ЗД                                
Лазер_ЗД            
                    
00.000 000 +00890 +00070 +00100 0000 000 00100 00120 02
S +00940 +00010 +00840 +00130 0000
S +00940 +00130 +00840 +00010 0000
004 000 000            Лазер_ЗД                                
Лазер_ЗД            
                    
00.000 000 +04490 +00070 +00100 0000 000 00100 00120 02
S +04540 +00010 +04440 +00130 0000
S +04540 +00130 +04440 +00010 0000
005 000 000            Эл.короб                                
Эл.короб            
                    
00.000 075 +03670 +00000 +00200 0000 000 00115 00080 02
P 5 +03613 +00000 +03728 +00000 0000 +03728 +00048 0000 +03696 +00080 0000 +03645 +00080 0000
P 3 +03645 +00080 +03613 +00048 0000 +03613 +00000 0000
006 000 000            Эл.короб                                
Эл.короб            
                    
00.000 090 +03670 +00275 +00200 0000 000 00070 00070 02
P 5 +03635 +00275 +03645 +00250 0000 +03670 +00240 0000 +03695 +00250 0000 +03705 +00275 0000
P 5 +03705 +00275 +03695 +00300 0000 +03670 +00310 0000 +03645 +00300 0000 +03635 +00275 0000
007 000 000            Эл.короб                                
Эл.короб            
                    
00.000 075 +04870 +00000 +00200 0000 000 00115 00080 02
P 5 +04813 +00000 +04928 +00000 0000 +04928 +00048 0000 +04896 +00080 0000 +04845 +00080 0000
P 3 +04845 +00080 +04813 +00048 0000 +04813 +00000 0000
008 000 000            Эл.короб                                
Эл.короб            
                    
00.000 090 +04870 +00275 +00200 0000 000 00070 00070 02
P 5 +04835 +00275 +04845 +00250 0000 +04870 +00240 0000 +04895 +00250 0000 +04905 +00275 0000
P 5 +04905 +00275 +04895 +00300 0000 +04870 +00310 0000 +04845 +00300 0000 +04835 +00275 0000
009 000 000            Эл.короб                                
Эл.короб            
                    
00.000 075 +05770 +00000 +00200 0000 000 00115 00080 02
P 5 +05713 +00000 +05828 +00000 0000 +05828 +00048 0000 +05796 +00080 0000 +05745 +00080 0000
P 3 +05745 +00080 +05713 +00048 0000 +05713 +00000 0000
010 000 000            Эл.короб                                
Эл.короб            
                    
00.000 090 +05770 +00275 +00200 0000 000 00070 00070 02
P 5 +05735 +00275 +05745 +00250 0000 +05770 +00240 0000 +05795 +00250 0000 +05805 +00275 0000
P 5 +05805 +00275 +05795 +00300 0000 +05770 +00310 0000 +05745 +00300 0000 +05735 +00275 0000
011 000 000            Отверстия                               
Отверстия           
                    
00.000 100 +05430 +00225 +00000 0000 000 00180 00100 14
S +05430 +00225 +05610 +00225 0000
S +05610 +00225 +05610 +00325 0000
S +05610 +00325 +05430 +00325 0000
S +05430 +00325 +05430 +00225 0000
S +05430 +00225 +05610 +00225 0000
S +05610 +00225 +05610 +00325 0000
S +05610 +00325 +05610 +00325 0000
S +05430 +00225 +05430 +00225 0000
S +05610 +00225 +05610 +00225 0000
S +05430 +00325 +05430 +00325 0000
S +05610 +00225 +05610 +00225 0000
S +05430 +00225 +05430 +00225 0000
S +05610 +00325 +05430 +00325 0000
S +05430 +00325 +05430 +00225 0000
012 000 000            Каркасы_(точечная)                      
Каркасы_(точечная)  
                    
00.000 150 +00045 +00010 +00100 0000 000 00010 02670 01
S +00043 +02680 +00043 +00010 0000
013 000 000            Каркасы_(точечная)                      
Каркасы_(точечная)  
                    
00.000 150 +00205 +02680 +00100 0000 000 00015 02670 01
S +00208 +02680 +00208 +00010 0000
014 000 000            Каркасы_(точечная)                      
Каркасы_(точечная)  
                    
00.000 150 +00735 +02680 +00100 0000 000 00015 02670 01
S +00738 +02680 +00738 +00010 0000
015 000 000            Каркасы_(точечная)                      
Каркасы_(точечная)  
                    
00.000 150 +01105 +02680 +00100 0000 000 00015 02670 01
S +01108 +02680 +01108 +00010 0000
016 000 000            Каркасы_(точечная)                      
Каркасы_(точечная)  
                    
00.000 150 +01365 +02680 +00100 0000 000 00015 02670 01
S +01368 +02680 +01368 +00010 0000
017 000 000            Каркасы_(точечная)                      
Каркасы_(точечная)  
                    
00.000 150 +02655 +00010 +00100 0000 000 00015 02210 01
S +02653 +02220 +02653 +00010 0000
018 000 000            Каркасы_(точечная)                      
Каркасы_(точечная)  
                    
00.000 150 +02705 +00010 +00100 0000 000 00015 02670 01
S +02703 +02680 +02703 +00010 0000
019 000 000            Каркасы_(точечная)                      
Каркасы_(точечная)  
                    
00.000 150 +03105 +00010 +00100 0000 000 00015 02670 01
S +03103 +02680 +03103 +00010 0000
020 000 000            Каркасы_(точечная)                      
Каркасы_(точечная)  
                    
00.000 150 +03505 +00010 +00100 0000 000 00015 02670 01
S +03503 +02680 +03503 +00010 0000
021 000 000            Каркасы_(точечная)                      
Каркасы_(точечная)  
                    
00.000 150 +03945 +00010 +00100 0000 000 00015 02670 01
S +03943 +02680 +03943 +00010 0000
022 000 000            Каркасы_(точечная)                      
Каркасы_(точечная)  
                    
00.000 150 +04385 +00010 +00100 0000 000 00015 02670 01
S +04383 +02680 +04383 +00010 0000
023 000 000            Каркасы_(точечная)                      
Каркасы_(точечная)  
                    
00.000 150 +04785 +00010 +00100 0000 000 00015 02670 01
S +04783 +02680 +04783 +00010 0000
024 000 000            Каркасы_(точечная)                      
Каркасы_(точечная)  
                    
00.000 150 +05200 +00010 +00100 0000 000 00015 02670 01
S +05198 +02680 +05198 +00010 0000
025 000 000            Каркасы_(точечная)                      
Каркасы_(точечная)  
                    
00.000 150 +05700 +00010 +00100 0000 000 00015 02670 01
S +05698 +02680 +05698 +00010 0000
026 000 000            Каркасы_(точечная)                      
Каркасы_(точечная)  
                    
00.000 130 +06035 +00010 +00100 0000 000 00014 02670 01
S +06038 +02680 +06038 +00010 0000
027 000 000            Эл.плита                                
Эл.плита            
                    
00.000 000 +03670 +00030 +00167 0000 000 00240 00000 01
S +03670 +00030 +03670 +00270 0000
028 000 000            Эл.плита                                
Эл.плита            
                    
00.000 000 +04870 +00030 +00167 0000 000 00240 00000 01
S +04870 +00030 +04870 +00270 0000
029 000 000            Эл.плита                                
Эл.плита            
                    
00.000 000 +05485 +00060 +00040 0000 000 00215 00000 01
S +05485 +00060 +05485 +00275 0000
030 000 000            Эл.плита                                
Эл.плита            
                    
00.000 000 +05770 +00030 +00167 0000 000 00240 00000 01
S +05770 +00030 +05770 +00270 0000
031 000 000            Углубление                              
Углубление 10/7cm   
                    
00.007 200 +00990 +02620 +00000 0000 000 00100 00070 01
P 5 +00990 +02620 +01090 +02620 0000 +01090 +02690 0000 +00990 +02690 0000 +00990 +02620 0000
032 000 000            Углубление                              
Углубление 120/211cm
                    
02.532 200 +01410 +00000 +00000 0000 000 01200 02110 01
P 5 +01410 +00000 +02610 +00000 0000 +02610 +02110 0000 +01410 +02110 0000 +01410 +00000 0000
033 000 000            Углубление                              
Углубление 20/5cm   
                    
00.010 200 +02310 +02640 +00000 0000 000 00200 00050 01
P 5 +02310 +02640 +02510 +02640 0000 +02510 +02690 0000 +02310 +02690 0000 +02310 +02640 0000
034 000 000            Углубление                              
Углубление 7/5cm    
                    
00.004 200 +02610 +02235 +00000 0000 000 00070 00050 01
P 5 +02610 +02235 +02680 +02235 0000 +02680 +02285 0000 +02610 +02285 0000 +02610 +02235 0000
035 000 000            Углубление                              
Углубление 7/8cm    
                    
00.006 200 +05450 +00000 +00000 0000 000 00070 00080 01
P 5 +05450 +00000 +05520 +00000 0000 +05520 +00080 0000 +05450 +00080 0000 +05450 +00000 0000
036 000 000            Лазер_Петли                             
Лазер_Петли         
                    
00.005 000 +00550 +02590 +00100 0000 000 00100 00100 01
P 4 +00550 +02590 +00650 +02590 0000 +00600 +02690 0000 +00550 +02590 0000
037 000 000            Лазер_Петли                             
Лазер_Петли         
                    
00.005 000 +02050 +02590 +00100 0000 000 00100 00100 01
P 4 +02050 +02590 +02150 +02590 0000 +02100 +02690 0000 +02050 +02590 0000
038 000 000            Лазер_Петли                             
Лазер_Петли         
                    
00.005 000 +04240 +02590 +00100 0000 000 00100 00100 01
P 4 +04240 +02590 +04340 +02590 0000 +04290 +02690 0000 +04240 +02590 0000
039 000 000            Лазер_Петли                             
Лазер_Петли         
                    
00.005 000 +05540 +02590 +00100 0000 000 00100 00100 01
P 4 +05540 +02590 +05640 +02590 0000 +05590 +02690 0000 +05540 +02590 0000
040 000 000            Каркасы(погонажные)                     
Каркасы(погонажные) 
                    
00.000 170 +00020 +00030 +00185 0000 000 00800 00000 00
041 000 000            Каркасы(погонажные)                     
Каркасы(погонажные) 
                    
00.000 170 +00020 +00080 +00185 0000 000 00800 00000 00
042 000 000            Каркасы(погонажные)                     
Каркасы(погонажные) 
                    
00.000 170 +00020 +02610 +00185 0000 000 00500 00000 00
043 000 000            Каркасы(погонажные)                     
Каркасы(погонажные) 
                    
00.000 170 +00020 +02660 +00185 0000 000 00500 00000 00
044 000 000            Каркасы(погонажные)                     
Каркасы(погонажные) 
                    
00.000 170 +00680 +02610 +00185 0000 000 01340 00000 00
045 000 000            Каркасы(погонажные)                     
Каркасы(погонажные) 
                    
00.000 170 +00680 +02660 +00185 0000 000 00290 00000 00
046 000 000            Каркасы(погонажные)                     
Каркасы(погонажные) 
                    
00.000 170 +00960 +00030 +00015 0000 000 00430 00000 00
047 000 000            Каркасы(погонажные)                     
Каркасы(погонажные) 
                    
00.000 170 +00960 +00080 +00015 0000 000 00430 00000 00
048 000 000            Каркасы(погонажные)                     
Каркасы(погонажные) 
                    
00.000 170 +01110 +02660 +00185 0000 000 00910 00000 00
049 000 000            Каркасы(погонажные)                     
Каркасы(погонажные) 
                    
00.000 170 +02180 +02610 +00185 0000 000 02030 00000 00
050 000 000            Каркасы(погонажные)                     
Каркасы(погонажные) 
                    
00.000 170 +02180 +02660 +00185 0000 000 00110 00000 00
051 000 000            Каркасы(погонажные)                     
Каркасы(погонажные) 
                    
00.000 170 +02530 +02660 +00185 0000 000 01680 00000 00
052 000 000            Каркасы(погонажные)                     
Каркасы(погонажные) 
                    
00.000 170 +02630 +00030 +00185 0000 000 00970 00000 00
053 000 000            Каркасы(погонажные)                     
Каркасы(погонажные) 
                    
00.000 170 +02630 +00080 +00185 0000 000 00970 00000 00
054 000 000            Каркасы(погонажные)                     
Каркасы(погонажные) 
                    
00.000 170 +03740 +00030 +00185 0000 000 00680 00000 00
055 000 000            Каркасы(погонажные)                     
Каркасы(погонажные) 
                    
00.000 170 +03740 +00080 +00185 0000 000 00680 00000 00
056 000 000            Каркасы(погонажные)                     
Каркасы(погонажные) 
                    
00.000 170 +04370 +02610 +00185 0000 000 01140 00000 00
057 000 000            Каркасы(погонажные)                     
Каркасы(погонажные) 
                    
00.000 170 +04370 +02660 +00185 0000 000 01140 00000 00
058 000 000            Каркасы(погонажные)                     
Каркасы(погонажные) 
                    
00.000 170 +04565 +00030 +00185 0000 000 00230 00000 00
059 000 000            Каркасы(погонажные)                     
Каркасы(погонажные) 
                    
00.000 170 +04565 +00080 +00185 0000 000 00230 00000 00
060 000 000            Каркасы(погонажные)                     
Каркасы(погонажные) 
                    
00.000 170 +04940 +00030 +00185 0000 000 00490 00000 00
061 000 000            Каркасы(погонажные)                     
Каркасы(погонажные) 
                    
00.000 170 +04940 +00080 +00185 0000 000 00490 00000 00
062 000 000            Каркасы(погонажные)                     
Каркасы(погонажные) 
                    
00.000 170 +05540 +00030 +00185 0000 000 00160 00000 00
063 000 000            Каркасы(погонажные)                     
Каркасы(погонажные) 
                    
00.000 170 +05540 +00080 +00185 0000 000 00160 00000 00
064 000 000            Каркасы(погонажные)                     
Каркасы(погонажные) 
                    
00.000 170 +05670 +02610 +00185 0000 000 00400 00000 00
065 000 000            Каркасы(погонажные)                     
Каркасы(погонажные) 
                    
00.000 170 +05670 +02660 +00185 0000 000 00400 00000 00
066 000 000            Каркасы(погонажные)                     
Каркасы(погонажные) 
                    
00.000 170 +05840 +00030 +00185 0000 000 00230 00000 00
067 000 000            Каркасы(погонажные)                     
Каркасы(погонажные) 
                    
00.000 170 +05840 +00080 +00185 0000 000 00230 00000 00
END
REFORCEM
600
                         0
END
STEELMAT
600
01 -00228 +00010 +00039 0 0 MSA_2^1              06546 02670 0
                    
                    
END
RODSTOCK
600
034
001 000 1 B500C      00001 012 01866 +00000 +00200 +00000 +000            0
000 040 001 00000 00000 00000 001
005 00120 00134 00000 00000 000 005 00120 00134 00000 00000 000 +000
002 000 1 B500C      00002 012 06546 +00000 +00350 +00400 +000            0
000 040 001 00000 00000 00000 001
005 00120 00134 00000 00000 000 005 00120 00134 00000 00000 000 +000
003 000 1 B500C      00005 012 01866 +00000 +00950 +00200 +000            0
000 040 001 00000 00000 00000 001
005 00120 00134 00000 00000 000 005 00120 00134 00000 00000 000 +000
004 000 1 B500C      00001 012 01618 +00000 +01950 +00000 +000            0
000 040 001 00000 00000 00000 001
005 00120 00134 00000 00000 000 000 00000 00000 00000 00000 000 +000
005 000 1 B500C      00001 012 06546 +00000 +02350 +00000 +000            0
000 040 001 00000 00000 00000 001
005 00120 00134 00000 00000 000 005 00120 00134 00000 00000 000 +000
006 000 1 B500C      00001 012 06278 +00000 +02550 +00000 +000            0
000 040 001 00000 00000 00000 001
005 00120 00134 00000 00000 000 000 00000 00000 00000 00000 000 +000
007 000 1 B500C      00001 012 01498 +00368 +00550 +00000 +000            0
000 040 001 00000 00000 00000 001
000 00000 00000 00000 00000 000 005 00120 00134 00000 00000 000 +000
008 000 1 B500C      00001 012 05910 +00368 +02150 +00000 +000            0
000 000 000 00000 00000 00000 000
009 000 1 B500C      00001 012 01870 +01338 +02600 +00000 +000            0
000 000 000 00000 00000 00000 000
010 000 1 B500C      00002 012 03668 +02610 +00200 +00350 +000            0
000 040 001 00000 00000 00000 001
005 00120 00134 00000 00000 000 000 00000 00000 00000 00000 000 +000
011 000 1 B500C      00001 012 03668 +02610 +00950 +00000 +000            0
000 040 001 00000 00000 00000 001
005 00120 00134 00000 00000 000 000 00000 00000 00000 00000 000 +000
012 000 1 B500C      00001 012 03936 +02610 +01150 +00000 +000            0
000 040 001 00000 00000 00000 001
005 00120 00134 00000 00000 000 005 00120 00134 00000 00000 000 +000
013 000 1 B500C      00001 012 03668 +02610 +01350 +00000 +000            0
000 040 001 00000 00000 00000 001
005 00120 00134 00000 00000 000 000 00000 00000 00000 00000 000 +000
014 000 1 B500C      00001 012 03936 +02610 +01550 +00000 +000            0
000 040 001 00000 00000 00000 001
005 00120 00134 00000 00000 000 005 00120 00134 00000 00000 000 +000
015 000 1 B500C      00001 012 03668 +02610 +01750 +00000 +000            0
000 040 001 00000 00000 00000 001
005 00120 00134 00000 00000 000 000 00000 00000 00000 00000 000 +000
016 000 1 B500C      00001 012 03688 +02858 +01950 +00000 +000            0
000 040 001 00000 00000 00000 001
000 00000 00000 00000 00000 000 005 00120 00134 00000 00000 000 +000
017 000 2 B500C      00003 010 02670 +00548 +00000 +00100 +090            0
000 000 000 00000 00000 00011 000
018 000 2 B500C      00002 010 02670 +00913 +00000 +00150 +090            0
000 000 000 00000 00000 00011 000
019 000 2 B500C      00002 010 02670 +01198 +00000 +00195 +090            0
000 000 000 00000 00000 00011 000
020 000 2 B500C      00001 010 02670 +01493 +00000 +00000 +090            0
000 000 000 00000 00000 00011 000
021 000 2 B500C      00005 012 00550 +01693 +02120 +00100 +090            0
000 000 000 00000 00000 00012 000
022 000 2 B500C      00002 012 00550 +02218 +02120 +00190 +090            0
000 000 000 00000 00000 00012 000
023 000 2 B500C      00001 012 00550 +02508 +02120 +00000 +090            0
000 000 000 00000 00000 00012 000
024 000 2 B500C      00002 012 00500 +02608 +02120 +00100 +090            0
000 000 000 00000 00000 00012 000
025 000 2 B500C      00001 012 00550 +02808 +02120 +00000 +090            0
000 000 000 00000 00000 00012 000
026 000 2 B500C      00003 010 02670 +03033 +00000 +00100 +090            0
000 000 000 00000 00000 00011 000
027 000 2 B500C      00003 010 02670 +03433 +00000 +00100 +090            0
000 000 000 00000 00000 00011 000
028 000 2 B500C      00002 010 02670 +03833 +00000 +00130 +090            0
000 000 000 00000 00000 00011 000
029 000 2 B500C      00002 010 02670 +04383 +00000 +00420 +090            0
000 000 000 00000 00000 00011 000
030 000 2 B500C      00002 010 02670 +05228 +00000 +00100 +090            0
000 000 000 00000 00000 00011 000
031 000 2 B500C      00002 010 02670 +05528 +00000 +00100 +090            0
000 000 000 00000 00000 00011 000
032 000 2 B500C      00001 010 02340 +05728 +00330 +00000 +090            0
000 000 000 00000 00000 00011 000
033 000 2 B500C      00001 010 02210 +05828 +00330 +00000 +090            0
000 000 000 00000 00000 00011 000
034 000 2 B500C      00002 010 02670 +06028 +00000 +00100 +090            0
000 000 000 00000 00000 00011 000
END
BRGIRDER
600
000
END
END STEELMAT
STEELMAT
600
02 +00020 +00010 +00150 0 0 MSA_1^2              06050 02670 0
                    
                    
END
RODSTOCK
600
036
001 000 5 B500C      00001 012 01370 +00000 +00215 +00000 +000            0
000 000 000 00000 00000 00011 000
002 000 5 B500C      00001 012 06050 +00000 +00365 +00000 +000            0
000 000 000 00000 00000 00011 000
003 000 5 B500C      00007 012 01370 +00000 +00765 +00200 +000            0
000 000 000 00000 00000 00011 000
004 000 5 B500C      00001 012 06050 +00000 +02365 +00000 +000            0
000 000 000 00000 00000 00011 000
005 000 5 B500C      00001 012 06030 +00000 +02565 +00000 +000            0
000 000 000 00000 00000 00011 000
006 000 5 B500C      00001 012 01250 +00120 +00565 +00000 +000            0
000 000 000 00000 00000 00011 000
007 000 5 B500C      00001 012 05910 +00120 +02165 +00000 +000            0
000 000 000 00000 00000 00011 000
008 000 5 B500C      00001 012 01870 +01090 +02615 +00000 +000            0
000 000 000 00000 00000 00011 000
009 000 5 B500C      00002 012 03420 +02610 +00215 +00350 +000            0
000 000 000 00000 00000 00011 000
010 000 5 B500C      00001 012 03440 +02610 +00765 +00000 +000            0
000 000 000 00000 00000 00011 000
011 000 5 B500C      00001 012 03420 +02610 +00965 +00000 +000            0
000 000 000 00000 00000 00011 000
012 000 5 B500C      00001 012 03440 +02610 +01165 +00000 +000            0
000 000 000 00000 00000 00011 000
013 000 5 B500C      00001 012 03420 +02610 +01365 +00000 +000            0
000 000 000 00000 00000 00011 000
014 000 5 B500C      00001 012 03440 +02610 +01565 +00000 +000            0
000 000 000 00000 00000 00011 000
015 000 5 B500C      00001 012 03420 +02610 +01765 +00000 +000            0
000 000 000 00000 00000 00011 000
016 000 5 B500C      00001 012 03440 +02610 +01965 +00000 +000            0
000 000 000 00000 00000 00011 000
017 000 6 B500C      00003 010 02670 +00300 +00000 +00100 +090            0
000 000 000 00000 00000 00000 000
018 000 6 B500C      00002 010 02670 +00665 +00000 +00150 +090            0
000 000 000 00000 00000 00000 000
019 000 6 B500C      00002 010 02670 +00950 +00000 +00195 +090            0
000 000 000 00000 00000 00000 000
020 000 6 B500C      00001 010 02670 +01245 +00000 +00000 +090            0
000 000 000 00000 00000 00000 000
021 000 6 B500C      00005 010 00550 +01445 +02120 +00100 +090            0
000 000 000 00000 00000 00000 000
022 000 6 B500C      00002 010 00550 +01970 +02120 +00190 +090            0
000 000 000 00000 00000 00000 000
023 000 6 B500C      00001 010 00550 +02260 +02120 +00000 +090            0
000 000 000 00000 00000 00000 000
024 000 6 B500C      00002 010 00480 +02360 +02120 +00100 +090            0
000 000 000 00000 00000 00000 000
025 000 6 B500C      00001 010 00550 +02560 +02120 +00000 +090            0
000 000 000 00000 00000 00000 000
026 000 6 B500C      00003 010 02670 +02785 +00000 +00100 +090            0
000 000 000 00000 00000 00000 000
027 000 6 B500C      00003 010 02670 +03185 +00000 +00100 +090            0
000 000 000 00000 00000 00000 000
028 000 6 B500C      00002 010 02670 +03585 +00000 +00130 +090            0
000 000 000 00000 00000 00000 000
029 000 6 B500C      00002 010 02670 +04135 +00000 +00420 +090            0
000 000 000 00000 00000 00000 000
030 000 6 B500C      00002 010 02670 +04980 +00000 +00100 +090            0
000 000 000 00000 00000 00000 000
031 000 6 B500C      00002 010 02670 +05280 +00000 +00100 +090            0
000 000 000 00000 00000 00000 000
032 000 6 B500C      00001 010 02580 +05480 +00090 +00000 +090            0
000 000 000 00000 00000 00000 000
033 000 6 B500C      00001 010 02560 +05580 +00000 +00000 +090            0
000 000 000 00000 00000 00000 000
034 000 6 B500C      00001 010 02360 +05780 +00310 +00000 +090            0
000 000 000 00000 00000 00000 000
035 000 6 B500C      00001 010 00950 +05830 +00000 +00000 +090            0
000 000 000 00000 00000 00000 000
036 000 6 B500C      00001 010 02670 +05880 +00000 +00000 +090            0
000 000 000 00000 00000 00000 000
END
BRGIRDER
600
000
END
END STEELMAT
END REFORCEM
END SLABDATE
END HEADER__
